nairobi: (-1.387372, 36.733396), (-1.237444, 36.874882)
lima : (-12.081562, -77.106398), (-11.973218, -77.063497)
jakarta : (-6.274777, 106.789681), (-6.142349, 106.881005)
hyderabad : (17.372985, 78.432067), (17.489595, 78.504851)