nairobi: (-1.387372, 36.733396), (-1.237444, 36.874882)
lima : (-12.081562, -77.106398), (-11.973218, -77.063497)
jakarta : (-6.274777, 106.789681), (-6.142349, 106.881005)
hyderabad : (17.372985, 78.432067), (17.489595, 78.504851)
hyderabad_west : (17.477306, 78.361314), (17.511473, 78.408227)
manila : (14.579555, 120.975763), (14.613475, 121.004057)